         0         4         5         4->5->      1000,                    4
         1         9         6         9->7->6->      1000, 1000,                   17
         2         0        13         0->3->8->13->      1000, 1000, 1000,                   16
         3         6        11         6->7->9->11->      1050, 1050, 1000,                   24
         4         9        10         9->10->      1000,                    8
         5         1        12         1->2->5->12->      1000, 1000, 1000,                   11
         6         7         3         7->1->0->3->      1000, 1000, 1050,                   14
         7         2         4         2->5->4->      1050, 1050,                    5
         8        11         6        11->8->3->4->6->      1000, 1050, 1000, 1000,                   19
        16         7         0         7->1->0->      1050, 1050,                    9
        17        10        11        10->9->11->      1050, 1050,                   15
        23        13        11        13->8->11->      1050, 1050,                    3
        24         2         4         2->0->3->4->      1000, 1100, 1050,                   14
        25        11         6        11->9->7->6->      1100, 1100, 1100,                   24
        27        11         8        11->8->      1100,                    1
        28         4         6         4->6->      1050,                    3
        30         3         0         3->0->      1150,                    5
        31         1         5         1->2->5->      1050, 1100,                    3
        33        10         6        10->5->4->6->      1000, 1100, 1100,                   14
        41         7         3         7->6->4->3->      1150, 1150, 1100,                   16
        42        12        11        12->11->      1000,                    5
        43         0         1         0->1->      1100,                    2
        46         9         8         9->11->8->      1150, 1150,                    8
        48         0         4         0->3->4->      1200, 1150,                   11
        49        13         5        13->12->5->      1000, 1050,                    9
        50         7         4         7->6->4->      1200, 1200,                   10
        52         6         2         6->7->1->2->      1250, 1100, 1100,                   16
        54         8        12         8->13->12->      1100, 1050,                    3
        56         6         3         6->4->3->      1250, 1200,                    9
        58         9         5         9->10->5->      1100, 1050,                   15
        59         7         0         7->1->0->      1150, 1150,                    9
        60         0         6         0->1->7->6->      1200, 1200, 1300,                   16
        64        11         5        11->12->5->      1050, 1100,                   13
        66         8        13         8->11->9->13->      1200, 1200, 1000,                   14
        73         6         4         6->4->      1300,                    3
        76         9        10         9->10->      1150,                    8
        80         2         1         2->1->      1150,                    2
        83         5        10         5->10->      1100,                    7
        88         1         0         1->2->0->      1200, 1050,                    5
        94         3         6         3->4->6->      1250, 1350,                    9
        95         2         0         2->0->      1100,                    3
        99         3         4         3->4->      1300,                    6
